
Processing TMVAAnalysis_tau.C...
DataSetInfo              : [dataset] : Added class "Signal"
                         : Add Tree L1TauTree of type Signal with 1434 events
DataSetInfo              : [dataset] : Added class "Background"
                         : Add Tree L1TauTree of type Background with 123966 events
Factory                  : Booking method: [1mBDT[0m
                         : 
<WARNING>                : Found events with NaN and/or +-inf values
<WARNING>                : Dataset[dataset] : Input expression resolves to infinite value (+inf or -inf): l1TauEGTime (3 times)
<WARNING>                : Dataset[dataset] : Input expression resolves to infinite value (+inf or -inf): pfCand2HoE (12563 times)
<WARNING>                : Dataset[dataset] : Input expression resolves to infinite value (+inf or -inf): pfCand3HoE (7658 times)
<WARNING>                : These NaN and/or +-infs were all removed by the specified cut, continuing.
                         : 
DataSetFactory           : [dataset] : Number of events in input trees
                         : Dataset[dataset] :     Signal     requirement: "pfCand2HoE < 20 && pfCand3HoE < 20 && l1TauEGTime < 30 "
                         : Dataset[dataset] :     Signal          -- number of events passed: 1314   / sum of weights: 1314 
                         : Dataset[dataset] :     Signal          -- efficiency             : 0.916318
                         : Dataset[dataset] :     Background requirement: "pfCand2HoE < 20 && pfCand3HoE < 20 && l1TauEGTime < 30"
                         : Dataset[dataset] :     Background      -- number of events passed: 111025  / sum of weights: 111025
                         : Dataset[dataset] :     Background      -- efficiency             : 0.895608
                         : Dataset[dataset] :  you have opted for interpreting the requested number of training/testing events
                         :  to be the number of events AFTER your preselection cuts
                         : 
                         : Dataset[dataset] :  you have opted for interpreting the requested number of training/testing events
                         :  to be the number of events AFTER your preselection cuts
                         : 
                         : Dataset[dataset] : Weight renormalisation mode: "EqualNumEvents": renormalises all event classes ...
                         : Dataset[dataset] :  such that the effective (weighted) number of events in each class is the same 
                         : Dataset[dataset] :  (and equals the number of events (entries) given for class=0 )
                         : Dataset[dataset] : ... i.e. such that Sum[i=1..N_j]{w_i} = N_classA, j=classA, classB, ...
                         : Dataset[dataset] : ... (note that N_j is the sum of TRAINING events
                         : Dataset[dataset] :  ..... Testing events are not renormalised nor included in the renormalisation factor!)
                         : Number of training and testing events
                         : ---------------------------------------------------------------------------
                         : Signal     -- training events            : 657
                         : Signal     -- testing events             : 657
                         : Signal     -- training and testing events: 1314
                         : Dataset[dataset] : Signal     -- due to the preselection a scaling factor has been applied to the numbers of requested events: 0.916318
                         : Background -- training events            : 55512
                         : Background -- testing events             : 55512
                         : Background -- training and testing events: 111024
                         : Dataset[dataset] : Background -- due to the preselection a scaling factor has been applied to the numbers of requested events: 0.895608
                         : 
DataSetInfo              : Correlation matrix (Signal):
                         : ---------------------------------------------------------------------------------------------------------------------------------------------------------------------------------------------------------------------------------------------------------------------------------------------------------------------------------------------------------------------------------------------------------
                         :                      l1Pt   l1Eta   l1Phi  l1Time   l1Iso l1Iso_time track12DZ track13DZ track1PVDZ track2PVDZ track3PVDZ track1nStubs track2nStubs track1Time track2Time track3Time l1DecayMode track1ChiSquared track2ChiSquared track3ChiSquared    zVTX track1Z track2Z track3Z tauL1StripPt tauL1StripEta tauL1StripPhi tauL1StripDR pfCand1HoE pfCand2HoE pfCand3HoE tauL1nEG tauL1EGPt l1TauEGTime
                         :             l1Pt:  +1.000  +0.103  -0.033  -0.017  +0.538     +0.544    +0.002    -0.010     +0.034     +0.020     +0.030       -0.007       +0.014     -0.017     +0.018     +0.000      +0.019           -0.077           -0.037           -0.024  -0.037  -0.004  +0.010  +0.021       +0.494        -0.035        +0.007       +0.087     +0.042     +0.067     +0.015   +0.099    +0.442      -0.017
                         :            l1Eta:  +0.103  +1.000  -0.011  +0.023  +0.069     +0.070    +0.033    +0.045     +0.017     +0.043     +0.034       +0.020       +0.044     +0.023     +0.010     +0.043      +0.042           -0.014           +0.059           +0.020  -0.025  -0.008  +0.038  +0.028       +0.061        -0.014        +0.676       +0.001     +0.043     +0.052     +0.067   +0.039    +0.067      -0.003
                         :            l1Phi:  -0.033  -0.011  +1.000  -0.001  -0.048     -0.045    -0.004    -0.006     +0.009     +0.007     +0.009       +0.018       +0.006     -0.001     -0.007     -0.009      +0.003           -0.034           +0.008           +0.008  -0.044  -0.030  +0.006  +0.007       +0.020        +0.656        +0.001       +0.047     -0.028     +0.006     +0.000   +0.041    -0.006      +0.044
                         :           l1Time:  -0.017  +0.023  -0.001  +1.000  -0.067     -0.085    +0.011    +0.009     +0.005     -0.001     +0.001       +0.067       -0.001     +1.000     +0.023     +0.126      +0.000           +0.125           +0.010           +0.015  -0.021  -0.014  +0.012  +0.014       +0.060        +0.011        +0.009       +0.229     -0.040     +0.070     +0.020   +0.260    +0.049      +0.377
                         :            l1Iso:  +0.538  +0.069  -0.048  -0.067  +1.000     +0.982    -0.047    -0.043     +0.049     -0.045     -0.051       +0.042       -0.053     -0.067     -0.059     -0.063      -0.070           -0.232           -0.080           -0.070  +0.032  +0.067  -0.049  -0.053       -0.262        -0.057        -0.007       -0.045     +0.357     +0.110     +0.047   -0.140    -0.267      -0.011
                         :       l1Iso_time:  +0.544  +0.070  -0.045  -0.085  +0.982     +1.000    -0.113    -0.110     +0.050     -0.100     -0.108       +0.041       -0.117     -0.085     -0.120     -0.133      -0.133           -0.221           -0.131           -0.123  +0.022  +0.059  -0.100  -0.107       -0.229        -0.060        -0.000       -0.035     +0.345     +0.099     +0.035   -0.111    -0.229      -0.021
                         :        track12DZ:  +0.002  +0.033  -0.004  +0.011  -0.047     -0.113    +1.000    +0.928     -0.012     +0.764     +0.882       +0.021       +0.935     +0.011     +0.887     +0.905      +0.935           +0.023           +0.789           +0.805  +0.020  +0.007  +0.777  +0.876       -0.136        -0.034        +0.021       -0.023     -0.001     +0.034     +0.101   -0.018    -0.135      -0.009
                         :        track13DZ:  -0.010  +0.045  -0.006  +0.009  -0.043     -0.110    +0.928    +1.000     -0.018     +0.880     +0.867       +0.024       +0.964     +0.009     +0.906     +0.932      +0.964           +0.017           +0.813           +0.831  -0.007  -0.021  +0.870  +0.839       -0.157        -0.054        +0.032       +0.012     +0.003     +0.034     +0.110   -0.031    -0.168      -0.013
                         :       track1PVDZ:  +0.034  +0.017  +0.009  +0.005  +0.049     +0.050    -0.012    -0.018     +1.000     +0.074     +0.079       -0.008       -0.053     +0.005     -0.049     -0.038      -0.050           -0.026           -0.044           -0.057  -0.277  +0.574  +0.022  +0.026       +0.010        -0.006        -0.010       +0.006     -0.037     -0.001     -0.045   -0.052    +0.023      -0.025
                         :       track2PVDZ:  +0.020  +0.043  +0.007  -0.001  -0.045     -0.100    +0.764    +0.880     +0.074     +1.000     +0.938       -0.005       +0.904     -0.001     +0.851     +0.868      +0.905           -0.002           +0.766           +0.777  -0.091  -0.017  +0.919  +0.840       -0.164        -0.040        -0.003       +0.019     -0.004     +0.045     +0.082   -0.056    -0.181      -0.009
                         :       track3PVDZ:  +0.030  +0.034  +0.009  +0.001  -0.051     -0.108    +0.882    +0.867     +0.079     +0.938     +1.000       -0.007       +0.928     +0.001     +0.882     +0.893      +0.930           +0.005           +0.787           +0.796  -0.066  +0.008  +0.879  +0.921       -0.153        -0.024        -0.011       -0.014     -0.008     +0.046     +0.080   -0.045    -0.159      -0.005
                         :     track1nStubs:  -0.007  +0.020  +0.018  +0.067  +0.042     +0.041    +0.021    +0.024     -0.008     -0.005     -0.007       +1.000       +0.018     +0.067     +0.021     +0.032      +0.011           +0.127           +0.020           +0.043  -0.017  -0.021  +0.000  -0.001       -0.007        +0.035        +0.008       +0.018     +0.026     +0.060     +0.055   +0.098    +0.010      +0.140
                         :     track2nStubs:  +0.014  +0.044  +0.006  -0.001  -0.053     -0.117    +0.935    +0.964     -0.053     +0.904     +0.928       +0.018       +1.000     -0.001     +0.940     +0.955      +0.995           +0.023           +0.846           +0.863  -0.010  -0.051  +0.891  +0.897       -0.157        -0.045        +0.019       +0.001     +0.003     +0.042     +0.098   -0.025    -0.166      -0.011
                         :       track1Time:  -0.017  +0.023  -0.001  +1.000  -0.067     -0.085    +0.011    +0.009     +0.005     -0.001     +0.001       +0.067       -0.001     +1.000     +0.023     +0.126      +0.000           +0.125           +0.010           +0.015  -0.021  -0.014  +0.012  +0.014       +0.060        +0.011        +0.009       +0.229     -0.040     +0.070     +0.020   +0.260    +0.049      +0.377
                         :       track2Time:  +0.018  +0.010  -0.007  +0.023  -0.059     -0.120    +0.887    +0.906     -0.049     +0.851     +0.882       +0.021       +0.940     +0.023     +1.000     +0.918      +0.940           +0.044           +0.837           +0.827  -0.005  -0.044  +0.843  +0.856       -0.148        -0.028        -0.013       +0.003     +0.002     +0.036     +0.096   -0.006    -0.150      -0.004
                         :       track3Time:  +0.000  +0.043  -0.009  +0.126  -0.063     -0.133    +0.905    +0.932     -0.038     +0.868     +0.893       +0.032       +0.955     +0.126     +0.918     +1.000      +0.954           +0.038           +0.815           +0.837  -0.000  -0.031  +0.863  +0.870       -0.144        -0.040        +0.016       +0.041     -0.013     +0.042     +0.100   -0.007    -0.148      +0.046
                         :      l1DecayMode:  +0.019  +0.042  +0.003  +0.000  -0.070     -0.133    +0.935    +0.964     -0.050     +0.905     +0.930       +0.011       +0.995     +0.000     +0.940     +0.954      +1.000           +0.029           +0.842           +0.861  -0.013  -0.052  +0.891  +0.896       -0.139        -0.044        +0.014       +0.010     -0.000     +0.037     +0.097   -0.008    -0.138      -0.022
                         : track1ChiSquared:  -0.077  -0.014  -0.034  +0.125  -0.232     -0.221    +0.023    +0.017     -0.026     -0.002     +0.005       +0.127       +0.023     +0.125     +0.044     +0.038      +0.029           +1.000           +0.093           +0.063  -0.004  -0.025  +0.012  +0.018       +0.116        -0.018        +0.013       +0.031     -0.151     -0.056     +0.029   +0.098    +0.105      +0.159
                         : track2ChiSquared:  -0.037  +0.059  +0.008  +0.010  -0.080     -0.131    +0.789    +0.813     -0.044     +0.766     +0.787       +0.020       +0.846     +0.010     +0.837     +0.815      +0.842           +0.093           +1.000           +0.756  -0.005  -0.040  +0.758  +0.763       -0.103        -0.030        +0.065       -0.027     +0.004     +0.013     +0.085   -0.009    -0.117      -0.009
                         : track3ChiSquared:  -0.024  +0.020  +0.008  +0.015  -0.070     -0.123    +0.805    +0.831     -0.057     +0.777     +0.796       +0.043       +0.863     +0.015     +0.827     +0.837      +0.861           +0.063           +0.756           +1.000  -0.005  -0.050  +0.769  +0.772       -0.131        -0.033        +0.015       -0.007     +0.022     +0.062     +0.055   -0.019    -0.142      +0.026
                         :             zVTX:  -0.037  -0.025  -0.044  -0.021  +0.032     +0.022    +0.020    -0.007     -0.277     -0.091     -0.066       -0.017       -0.010     -0.021     -0.005     -0.000      -0.013           -0.004           -0.005           -0.005  +1.000  +0.627  +0.102  +0.125       -0.027        -0.016        +0.042       -0.041     +0.017     -0.059     +0.008   -0.030    -0.010      +0.016
                         :          track1Z:  -0.004  -0.008  -0.030  -0.014  +0.067     +0.059    +0.007    -0.021     +0.574     -0.017     +0.008       -0.021       -0.051     -0.014     -0.044     -0.031      -0.052           -0.025           -0.040           -0.050  +0.627  +1.000  +0.105  +0.127       -0.014        -0.019        +0.028       -0.029     -0.015     -0.051     -0.030   -0.068    +0.010      -0.007
                         :          track2Z:  +0.010  +0.038  +0.006  +0.012  -0.049     -0.100    +0.777    +0.870     +0.022     +0.919     +0.879       +0.000       +0.891     +0.012     +0.843     +0.863      +0.891           +0.012           +0.758           +0.769  +0.102  +0.105  +1.000  +0.940       -0.142        -0.034        +0.004       +0.019     +0.003     +0.047     +0.096   -0.029    -0.154      -0.002
                         :          track3Z:  +0.021  +0.028  +0.007  +0.014  -0.053     -0.107    +0.876    +0.839     +0.026     +0.840     +0.921       -0.001       +0.897     +0.014     +0.856     +0.870      +0.896           +0.018           +0.763           +0.772  +0.125  +0.127  +0.940  +1.000       -0.128        -0.018        -0.005       -0.013     -0.000     +0.047     +0.092   -0.018    -0.129      +0.001
                         :     tauL1StripPt:  +0.494  +0.061  +0.020  +0.060  -0.262     -0.229    -0.136    -0.157     +0.010     -0.164     -0.153       -0.007       -0.157     +0.060     -0.148     -0.144      -0.139           +0.116           -0.103           -0.131  -0.027  -0.014  -0.142  -0.128       +1.000        +0.036        +0.081       +0.130     -0.298     -0.058     -0.055   +0.280    +0.932      +0.012
                         :    tauL1StripEta:  -0.035  -0.014  +0.656  +0.011  -0.057     -0.060    -0.034    -0.054     -0.006     -0.040     -0.024       +0.035       -0.045     +0.011     -0.028     -0.040      -0.044           -0.018           -0.030           -0.033  -0.016  -0.019  -0.034  -0.018       +0.036        +1.000        -0.037       +0.054     -0.036     +0.030     +0.053   +0.044    +0.027      +0.023
                         :    tauL1StripPhi:  +0.007  +0.676  +0.001  +0.009  -0.007     -0.000    +0.021    +0.032     -0.010     -0.003     -0.011       +0.008       +0.019     +0.009     -0.013     +0.016      +0.014           +0.013           +0.065           +0.015  +0.042  +0.028  +0.004  -0.005       +0.081        -0.037        +1.000       -0.017     -0.000     +0.007     +0.062   +0.018    +0.070      -0.025
                         :     tauL1StripDR:  +0.087  +0.001  +0.047  +0.229  -0.045     -0.035    -0.023    +0.012     +0.006     +0.019     -0.014       +0.018       +0.001     +0.229     +0.003     +0.041      +0.010           +0.031           -0.027           -0.007  -0.041  -0.029  +0.019  -0.013       +0.130        +0.054        -0.017       +1.000     -0.018     +0.011     -0.063   +0.373    +0.116      +0.077
                         :       pfCand1HoE:  +0.042  +0.043  -0.028  -0.040  +0.357     +0.345    -0.001    +0.003     -0.037     -0.004     -0.008       +0.026       +0.003     -0.040     +0.002     -0.013      -0.000           -0.151           +0.004           +0.022  +0.017  -0.015  +0.003  -0.000       -0.298        -0.036        -0.000       -0.018     +1.000     +0.039     +0.074   +0.021    -0.299      -0.025
                         :       pfCand2HoE:  +0.067  +0.052  +0.006  +0.070  +0.110     +0.099    +0.034    +0.034     -0.001     +0.045     +0.046       +0.060       +0.042     +0.070     +0.036     +0.042      +0.037           -0.056           +0.013           +0.062  -0.059  -0.051  +0.047  +0.047       -0.058        +0.030        +0.007       +0.011     +0.039     +1.000     +0.024   +0.048    -0.042      +0.066
                         :       pfCand3HoE:  +0.015  +0.067  +0.000  +0.020  +0.047     +0.035    +0.101    +0.110     -0.045     +0.082     +0.080       +0.055       +0.098     +0.020     +0.096     +0.100      +0.097           +0.029           +0.085           +0.055  +0.008  -0.030  +0.096  +0.092       -0.055        +0.053        +0.062       -0.063     +0.074     +0.024     +1.000   -0.033    -0.053      +0.005
                         :         tauL1nEG:  +0.099  +0.039  +0.041  +0.260  -0.140     -0.111    -0.018    -0.031     -0.052     -0.056     -0.045       +0.098       -0.025     +0.260     -0.006     -0.007      -0.008           +0.098           -0.009           -0.019  -0.030  -0.068  -0.029  -0.018       +0.280        +0.044        +0.018       +0.373     +0.021     +0.048     -0.033   +1.000    +0.271      +0.175
                         :        tauL1EGPt:  +0.442  +0.067  -0.006  +0.049  -0.267     -0.229    -0.135    -0.168     +0.023     -0.181     -0.159       +0.010       -0.166     +0.049     -0.150     -0.148      -0.138           +0.105           -0.117           -0.142  -0.010  +0.010  -0.154  -0.129       +0.932        +0.027        +0.070       +0.116     -0.299     -0.042     -0.053   +0.271    +1.000      -0.033
                         :      l1TauEGTime:  -0.017  -0.003  +0.044  +0.377  -0.011     -0.021    -0.009    -0.013     -0.025     -0.009     -0.005       +0.140       -0.011     +0.377     -0.004     +0.046      -0.022           +0.159           -0.009           +0.026  +0.016  -0.007  -0.002  +0.001       +0.012        +0.023        -0.025       +0.077     -0.025     +0.066     +0.005   +0.175    -0.033      +1.000
                         : ---------------------------------------------------------------------------------------------------------------------------------------------------------------------------------------------------------------------------------------------------------------------------------------------------------------------------------------------------------------------------------------------------------
DataSetInfo              : Correlation matrix (Background):
                         : ---------------------------------------------------------------------------------------------------------------------------------------------------------------------------------------------------------------------------------------------------------------------------------------------------------------------------------------------------------------------------------------------------------
                         :                      l1Pt   l1Eta   l1Phi  l1Time   l1Iso l1Iso_time track12DZ track13DZ track1PVDZ track2PVDZ track3PVDZ track1nStubs track2nStubs track1Time track2Time track3Time l1DecayMode track1ChiSquared track2ChiSquared track3ChiSquared    zVTX track1Z track2Z track3Z tauL1StripPt tauL1StripEta tauL1StripPhi tauL1StripDR pfCand1HoE pfCand2HoE pfCand3HoE tauL1nEG tauL1EGPt l1TauEGTime
                         :             l1Pt:  +1.000  +0.002  -0.001  -0.022  +0.531     +0.534    +0.135    +0.136     -0.003     +0.133     +0.137       +0.010       +0.146     -0.022     +0.142     +0.140      +0.143           -0.079           +0.114           +0.119  +0.003  -0.002  +0.137  +0.139       +0.654        +0.003        -0.002       -0.087     -0.034     +0.012     +0.010   +0.045    +0.543      -0.034
                         :            l1Eta:  +0.002  +1.000  -0.000  -0.003  -0.005     -0.005    -0.009    -0.007     -0.022     -0.008     -0.010       +0.011       -0.008     -0.003     -0.008     -0.008      -0.008           +0.000           -0.005           -0.006  -0.000  -0.027  -0.007  -0.009       +0.002        +0.001        +0.945       +0.005     -0.003     +0.003     +0.001   +0.001    +0.004      -0.007
                         :            l1Phi:  -0.001  -0.000  +1.000  -0.001  +0.001     -0.001    -0.003    -0.003     +0.001     -0.002     -0.001       -0.001       -0.003     -0.001     -0.002     -0.003      -0.002           +0.002           -0.001           -0.005  -0.005  -0.003  -0.001  -0.001       -0.000        +0.877        +0.003       +0.013     +0.000     -0.002     -0.004   +0.018    -0.000      -0.003
                         :           l1Time:  -0.022  -0.003  -0.001  +1.000  -0.019     -0.033    -0.024    -0.023     -0.004     -0.022     -0.024       +0.064       -0.025     +1.000     -0.019     +0.011      -0.025           +0.138           -0.011           -0.015  +0.007  +0.001  -0.023  -0.025       -0.012        +0.004        -0.001       -0.057     -0.006     +0.004     -0.001   +0.023    -0.005      +0.200
                         :            l1Iso:  +0.531  -0.005  +0.001  -0.019  +1.000     +0.965    +0.266    +0.275     +0.000     +0.269     +0.271       +0.075       +0.291     -0.019     +0.274     +0.272      +0.284           -0.121           +0.225           +0.238  -0.010  -0.008  +0.267  +0.266       +0.014        -0.003        -0.009       -0.144     +0.085     +0.015     +0.017   -0.137    -0.037      -0.018
                         :       l1Iso_time:  +0.534  -0.005  -0.001  -0.033  +0.965     +1.000    +0.196    +0.202     +0.000     +0.198     +0.200       +0.074       +0.213     -0.033     +0.199     +0.188      +0.207           -0.121           +0.162           +0.171  -0.010  -0.008  +0.198  +0.196       +0.013        -0.005        -0.009       -0.127     +0.095     +0.014     +0.017   -0.118    -0.032      -0.019
                         :        track12DZ:  +0.135  -0.009  -0.003  -0.024  +0.266     +0.196    +1.000    +0.930     +0.021     +0.766     +0.870       +0.006       +0.927     -0.024     +0.891     +0.893      +0.928           -0.045           +0.788           +0.815  +0.001  +0.027  +0.782  +0.876       -0.042        +0.003        -0.006       -0.115     -0.027     +0.006     +0.010   -0.132    -0.103      -0.023
                         :        track13DZ:  +0.136  -0.007  -0.003  -0.023  +0.275     +0.202    +0.930    +1.000     +0.013     +0.868     +0.838       +0.006       +0.961     -0.023     +0.925     +0.928      +0.961           -0.046           +0.834           +0.844  -0.006  +0.012  +0.871  +0.828       -0.043        +0.002        -0.002       -0.120     -0.030     +0.004     +0.009   -0.132    -0.103      -0.022
                         :       track1PVDZ:  -0.003  -0.022  +0.001  -0.004  +0.000     +0.000    +0.021    +0.013     +1.000     +0.034     +0.042       -0.004       +0.004     -0.004     +0.005     +0.005      +0.004           -0.006           +0.002           +0.004  -0.598  +0.748  +0.016  +0.024       -0.004        +0.002        -0.018       +0.012     +0.005     +0.002     +0.002   +0.007    -0.007      +0.002
                         :       track2PVDZ:  +0.133  -0.008  -0.002  -0.022  +0.269     +0.198    +0.766    +0.868     +0.034     +1.000     +0.934       +0.004       +0.908     -0.022     +0.875     +0.876      +0.908           -0.045           +0.795           +0.805  -0.038  +0.011  +0.936  +0.856       -0.040        +0.004        -0.003       -0.111     -0.026     +0.003     +0.009   -0.123    -0.097      -0.018
                         :       track3PVDZ:  +0.137  -0.010  -0.001  -0.024  +0.271     +0.200    +0.870    +0.838     +0.042     +0.934     +1.000       +0.004       +0.913     -0.024     +0.878     +0.878      +0.914           -0.046           +0.783           +0.810  -0.031  +0.026  +0.883  +0.936       -0.041        +0.004        -0.008       -0.111     -0.025     +0.006     +0.011   -0.128    -0.101      -0.020
                         :     track1nStubs:  +0.010  +0.011  -0.001  +0.064  +0.075     +0.074    +0.006    +0.006     -0.004     +0.004     +0.004       +1.000       +0.007     +0.064     +0.010     +0.008      +0.006           +0.257           +0.015           +0.009  +0.003  -0.002  +0.005  +0.005       -0.031        -0.001        +0.013       -0.057     +0.053     -0.001     +0.001   +0.016    -0.029      +0.114
                         :     track2nStubs:  +0.146  -0.008  -0.003  -0.025  +0.291     +0.213    +0.927    +0.961     +0.004     +0.908     +0.913       +0.007       +1.000     -0.025     +0.959     +0.961      +0.998           -0.049           +0.868           +0.882  -0.005  +0.001  +0.913  +0.905       -0.044        +0.005        -0.004       -0.124     -0.027     +0.005     +0.011   -0.138    -0.109      -0.023
                         :       track1Time:  -0.022  -0.003  -0.001  +1.000  -0.019     -0.033    -0.024    -0.023     -0.004     -0.022     -0.024       +0.064       -0.025     +1.000     -0.019     +0.011      -0.025           +0.138           -0.011           -0.015  +0.007  +0.001  -0.023  -0.025       -0.012        +0.004        -0.001       -0.057     -0.006     +0.004     -0.001   +0.023    -0.005      +0.200
                         :       track2Time:  +0.142  -0.008  -0.002  -0.019  +0.274     +0.199    +0.891    +0.925     +0.005     +0.875     +0.878       +0.010       +0.959     -0.019     +1.000     +0.934      +0.958           -0.043           +0.847           +0.862  -0.006  +0.002  +0.879  +0.869       -0.033        +0.003        -0.003       -0.115     -0.026     +0.004     +0.008   -0.123    -0.094      -0.016
                         :       track3Time:  +0.140  -0.008  -0.003  +0.011  +0.272     +0.188    +0.893    +0.928     +0.005     +0.876     +0.878       +0.008       +0.961     +0.011     +0.934     +1.000      +0.960           -0.044           +0.853           +0.863  -0.006  +0.001  +0.880  +0.869       -0.034        +0.005        -0.003       -0.114     -0.024     +0.005     +0.009   -0.124    -0.092      -0.015
                         :      l1DecayMode:  +0.143  -0.008  -0.002  -0.025  +0.284     +0.207    +0.928    +0.961     +0.004     +0.908     +0.914       +0.006       +0.998     -0.025     +0.958     +0.960      +1.000           -0.048           +0.863           +0.881  -0.005  +0.001  +0.914  +0.906       -0.042        +0.005        -0.004       -0.123     -0.029     +0.004     +0.010   -0.136    -0.104      -0.024
                         : track1ChiSquared:  -0.079  +0.000  +0.002  +0.138  -0.121     -0.121    -0.045    -0.046     -0.006     -0.045     -0.046       +0.257       -0.049     +0.138     -0.043     -0.044      -0.048           +1.000           -0.029           -0.036  +0.007  -0.003  -0.045  -0.045       -0.003        +0.001        -0.001       -0.085     -0.036     -0.001     -0.005   -0.012    +0.002      +0.204
                         : track2ChiSquared:  +0.114  -0.005  -0.001  -0.011  +0.225     +0.162    +0.788    +0.834     +0.002     +0.795     +0.783       +0.015       +0.868     -0.011     +0.847     +0.853      +0.863           -0.029           +1.000           +0.787  -0.006  -0.002  +0.797  +0.773       -0.038        +0.005        +0.001       -0.101     -0.026     +0.002     +0.003   -0.105    -0.090      -0.012
                         : track3ChiSquared:  +0.119  -0.006  -0.005  -0.015  +0.238     +0.171    +0.815    +0.844     +0.004     +0.805     +0.810       +0.009       +0.882     -0.015     +0.862     +0.863      +0.881           -0.036           +0.787           +1.000  -0.004  +0.001  +0.811  +0.804       -0.040        +0.001        +0.001       -0.108     -0.024     +0.001     +0.005   -0.113    -0.096      -0.013
                         :             zVTX:  +0.003  -0.000  -0.005  +0.007  -0.010     -0.010    +0.001    -0.006     -0.598     -0.038     -0.031       +0.003       -0.005     +0.007     -0.006     -0.006      -0.005           +0.007           -0.006           -0.004  +1.000  +0.084  +0.022  +0.029       +0.009        -0.006        +0.002       -0.004     -0.008     -0.006     -0.002   -0.003    +0.007      -0.002
                         :          track1Z:  -0.002  -0.027  -0.003  +0.001  -0.008     -0.008    +0.027    +0.012     +0.748     +0.011     +0.026       -0.002       +0.001     +0.001     +0.002     +0.001      +0.001           -0.003           -0.002           +0.001  +0.084  +1.000  +0.038  +0.053       +0.002        -0.003        -0.021       +0.011     +0.000     -0.003     +0.001   +0.006    -0.002      +0.001
                         :          track2Z:  +0.137  -0.007  -0.001  -0.023  +0.267     +0.198    +0.782    +0.871     +0.016     +0.936     +0.883       +0.005       +0.913     -0.023     +0.879     +0.880      +0.914           -0.045           +0.797           +0.811  +0.022  +0.038  +1.000  +0.933       -0.038        +0.004        -0.001       -0.112     -0.025     +0.002     +0.007   -0.124    -0.101      -0.018
                         :          track3Z:  +0.139  -0.009  -0.001  -0.025  +0.266     +0.196    +0.876    +0.828     +0.024     +0.856     +0.936       +0.005       +0.905     -0.025     +0.869     +0.869      +0.906           -0.045           +0.773           +0.804  +0.029  +0.053  +0.933  +1.000       -0.039        +0.004        -0.005       -0.110     -0.023     +0.005     +0.008   -0.127    -0.104      -0.020
                         :     tauL1StripPt:  +0.654  +0.002  -0.000  -0.012  +0.014     +0.013    -0.042    -0.043     -0.004     -0.040     -0.041       -0.031       -0.044     -0.012     -0.033     -0.034      -0.042           -0.003           -0.038           -0.040  +0.009  +0.002  -0.038  -0.039       +1.000        +0.003        +0.002       +0.003     -0.102     +0.002     -0.004   +0.165    +0.914      -0.026
                         :    tauL1StripEta:  +0.003  +0.001  +0.877  +0.004  -0.003     -0.005    +0.003    +0.002     +0.002     +0.004     +0.004       -0.001       +0.005     +0.004     +0.003     +0.005      +0.005           +0.001           +0.005           +0.001  -0.006  -0.003  +0.004  +0.004       +0.003        +1.000        +0.014       -0.023     -0.000     +0.005     +0.000   +0.020    +0.002      -0.007
                         :    tauL1StripPhi:  -0.002  +0.945  +0.003  -0.001  -0.009     -0.009    -0.006    -0.002     -0.018     -0.003     -0.008       +0.013       -0.004     -0.001     -0.003     -0.003      -0.004           -0.001           +0.001           +0.001  +0.002  -0.021  -0.001  -0.005       +0.002        +0.014        +1.000       +0.005     -0.005     +0.001     -0.000   +0.001    +0.004      -0.006
                         :     tauL1StripDR:  -0.087  +0.005  +0.013  -0.057  -0.144     -0.127    -0.115    -0.120     +0.012     -0.111     -0.111       -0.057       -0.124     -0.057     -0.115     -0.114      -0.123           -0.085           -0.101           -0.108  -0.004  +0.011  -0.112  -0.110       +0.003        -0.023        +0.005       +1.000     +0.074     -0.000     +0.001   +0.149    +0.026      -0.096
                         :       pfCand1HoE:  -0.034  -0.003  +0.000  -0.006  +0.085     +0.095    -0.027    -0.030     +0.005     -0.026     -0.025       +0.053       -0.027     -0.006     -0.026     -0.024      -0.029           -0.036           -0.026           -0.024  -0.008  +0.000  -0.025  -0.023       -0.102        -0.000        -0.005       +0.074     +1.000     +0.006     +0.006   +0.111    -0.099      -0.010
                         :       pfCand2HoE:  +0.012  +0.003  -0.002  +0.004  +0.015     +0.014    +0.006    +0.004     +0.002     +0.003     +0.006       -0.001       +0.005     +0.004     +0.004     +0.005      +0.004           -0.001           +0.002           +0.001  -0.006  -0.003  +0.002  +0.005       +0.002        +0.005        +0.001       -0.000     +0.006     +1.000     +0.194   -0.007    +0.004      -0.001
                         :       pfCand3HoE:  +0.010  +0.001  -0.004  -0.001  +0.017     +0.017    +0.010    +0.009     +0.002     +0.009     +0.011       +0.001       +0.011     -0.001     +0.008     +0.009      +0.010           -0.005           +0.003           +0.005  -0.002  +0.001  +0.007  +0.008       -0.004        +0.000        -0.000       +0.001     +0.006     +0.194     +1.000   +0.002    +0.001      +0.006
                         :         tauL1nEG:  +0.045  +0.001  +0.018  +0.023  -0.137     -0.118    -0.132    -0.132     +0.007     -0.123     -0.128       +0.016       -0.138     +0.023     -0.123     -0.124      -0.136           -0.012           -0.105           -0.113  -0.003  +0.006  -0.124  -0.127       +0.165        +0.020        +0.001       +0.149     +0.111     -0.007     +0.002   +1.000    +0.131      -0.007
                         :        tauL1EGPt:  +0.543  +0.004  -0.000  -0.005  -0.037     -0.032    -0.103    -0.103     -0.007     -0.097     -0.101       -0.029       -0.109     -0.005     -0.094     -0.092      -0.104           +0.002           -0.090           -0.096  +0.007  -0.002  -0.101  -0.104       +0.914        +0.002        +0.004       +0.026     -0.099     +0.004     +0.001   +0.131    +1.000      -0.024
                         :      l1TauEGTime:  -0.034  -0.007  -0.003  +0.200  -0.018     -0.019    -0.023    -0.022     +0.002     -0.018     -0.020       +0.114       -0.023     +0.200     -0.016     -0.015      -0.024           +0.204           -0.012           -0.013  -0.002  +0.001  -0.018  -0.020       -0.026        -0.007        -0.006       -0.096     -0.010     -0.001     +0.006   -0.007    -0.024      +1.000
                         : ---------------------------------------------------------------------------------------------------------------------------------------------------------------------------------------------------------------------------------------------------------------------------------------------------------------------------------------------------------------------------------------------------------
DataSetFactory           : [dataset] :  
                         : 
Factory                  : [1mTrain all methods[0m
Factory                  : [dataset] : Create Transformation "I" with events from all classes.
                         : 
                         : Transformation, Variable selection : 
                         : Input : variable 'l1Pt' <---> Output : variable 'l1Pt'
                         : Input : variable 'l1Eta' <---> Output : variable 'l1Eta'
                         : Input : variable 'l1Phi' <---> Output : variable 'l1Phi'
                         : Input : variable 'l1Time' <---> Output : variable 'l1Time'
                         : Input : variable 'l1Iso' <---> Output : variable 'l1Iso'
                         : Input : variable 'l1Iso_time' <---> Output : variable 'l1Iso_time'
                         : Input : variable 'track12DZ' <---> Output : variable 'track12DZ'
                         : Input : variable 'track13DZ' <---> Output : variable 'track13DZ'
                         : Input : variable 'track1PVDZ' <---> Output : variable 'track1PVDZ'
                         : Input : variable 'track2PVDZ' <---> Output : variable 'track2PVDZ'
                         : Input : variable 'track3PVDZ' <---> Output : variable 'track3PVDZ'
                         : Input : variable 'track1nStubs' <---> Output : variable 'track1nStubs'
                         : Input : variable 'track2nStubs' <---> Output : variable 'track2nStubs'
                         : Input : variable 'track1Time' <---> Output : variable 'track1Time'
                         : Input : variable 'track2Time' <---> Output : variable 'track2Time'
                         : Input : variable 'track3Time' <---> Output : variable 'track3Time'
                         : Input : variable 'l1DecayMode' <---> Output : variable 'l1DecayMode'
                         : Input : variable 'track1ChiSquared' <---> Output : variable 'track1ChiSquared'
                         : Input : variable 'track2ChiSquared' <---> Output : variable 'track2ChiSquared'
                         : Input : variable 'track3ChiSquared' <---> Output : variable 'track3ChiSquared'
                         : Input : variable 'zVTX' <---> Output : variable 'zVTX'
                         : Input : variable 'track1Z' <---> Output : variable 'track1Z'
                         : Input : variable 'track2Z' <---> Output : variable 'track2Z'
                         : Input : variable 'track3Z' <---> Output : variable 'track3Z'
                         : Input : variable 'tauL1StripPt' <---> Output : variable 'tauL1StripPt'
                         : Input : variable 'tauL1StripEta' <---> Output : variable 'tauL1StripEta'
                         : Input : variable 'tauL1StripPhi' <---> Output : variable 'tauL1StripPhi'
                         : Input : variable 'tauL1StripDR' <---> Output : variable 'tauL1StripDR'
                         : Input : variable 'pfCand1HoE' <---> Output : variable 'pfCand1HoE'
                         : Input : variable 'pfCand2HoE' <---> Output : variable 'pfCand2HoE'
                         : Input : variable 'pfCand3HoE' <---> Output : variable 'pfCand3HoE'
                         : Input : variable 'tauL1nEG' <---> Output : variable 'tauL1nEG'
                         : Input : variable 'tauL1EGPt' <---> Output : variable 'tauL1EGPt'
                         : Input : variable 'l1TauEGTime' <---> Output : variable 'l1TauEGTime'
TFHandler_Factory        :         Variable                Mean                RMS        [        Min                Max ]
                         : ---------------------------------------------------------------------------------------------------
                         :             l1Pt:            26.067            14.913   [            6.5005            370.25 ]
                         :            l1Eta:         -0.046302            1.7188   [           -2.5565            2.5917 ]
                         :            l1Phi:          0.042747            1.7896   [           -3.1414            3.1411 ]
                         :           l1Time:            7.4121            5.3583   [            0.0000            18.993 ]
                         :            l1Iso:            11.601            12.618   [            2.0000            269.50 ]
                         :       l1Iso_time:            11.117            12.461   [            0.0000            265.50 ]
                         :        track12DZ:           -8.8536            3.3502   [           -18.512            22.091 ]
                         :        track13DZ:           -8.8789            3.1837   [           -17.084            18.014 ]
